TRAINING:
	 Accuracy = 0.9609756097560975
	 IOU = 0.7544040193427639
TESTING:
	 Accuracy = 0.9305555555555556
	 IOU = 0.7193431102292475
