TRAINING:
	 Accuracy = 0.9512195121951219
	 IOU = 0.7385908505714845
TESTING:
	 Accuracy = 0.9305555555555556
	 IOU = 0.7138560568548619
