TRAINING:
	 Accuracy = 0.9609756097560975
	 IOU = 0.7452354330954545
TESTING:
	 Accuracy = 0.8888888888888888
	 IOU = 0.7052380231410043
