TRAINING:
	 Accuracy = 0.8682926829268293
	 IOU = 0.5081080636023755
TESTING:
	 Accuracy = 0.8194444444444444
	 IOU = 0.4738247461950675
