TRAINING:
	 Accuracy = 0.9170731707317074
	 IOU = 0.7378722630204332
TESTING:
	 Accuracy = 0.8888888888888888
	 IOU = 0.7018305170502371
